  n        dim    ff (s)    eig (s)  statevec (s)  aer 4096 (s)    eps  Neyman shots   worst shots
--------------------------------------------------------------------------------------------------------
  4         16   0.00012      0.000         0.000         0.014   0.20           846        21,472
  6         64   0.00006      0.000         0.000         0.011   0.30           637        23,566
  8        256   0.00007      0.007         0.000         0.012   0.40           509        24,650
 10      1,024   0.00007      0.108         0.000         0.013   0.50           424        25,312
 12      4,096   0.00009      1.904         0.001         0.010   0.60           362        25,758
 14     16,384   0.00009    113.512         0.005         0.012   0.70           316        26,078
 16     65,536   0.00013         --         0.029         0.014   0.80           280        26,320
 18    262,144   0.00010         --         0.143         0.013   0.90           252        26,510
 20  1,048,576   0.00017         --         0.580         0.024   1.00           228        26,662
 22  4,194,304   0.00015         --         2.405         0.059   1.10           209        26,786
 24 16,777,216   0.00017         --        10.425         0.175   1.20           193        26,890
